0
1.2e-25
1.2e-24
1.2e-23
1.2e-22
1.2e-21
1.2e-20
1.2e-19
1.2e-18
1.2e-17
1.2e-16
1.2e-15
6e-15
1.2e-14
6e-14
1.2E-13
2.4E-13
3.6E-13
4.8E-13
6E-13
7.2E-13
8.4E-13
9.6E-13
1.08E-12
1.2E-12
2.4E-12
3.6E-12
4.8E-12
6E-12
7.2E-12
8.4E-12
9.6E-12
1.08E-11
1.2E-11
2.4E-11
3.6E-11
4.8E-11
6E-11
7.2E-11
8.4E-11
9.6E-11
1.08E-10
1.2E-10
2.4E-10
3.6E-10
4.8E-10
6E-10
7.2E-10
8.4E-10
9.6E-10
0.00000000108
0.0000000012
0.0000000024
0.0000000036
0.0000000048
0.000000006
0.0000000072
0.0000000084
0.0000000096
0.0000000108
0.000000012
0.000000024
0.000000036
0.000000048
0.00000006
0.000000072
0.000000084
0.000000096
0.000000108
0.00000012
0.00000024
0.00000036
0.00000048
0.0000006
0.00000072
0.00000084
0.00000096
0.00000108
0.0000012
0.0000024
0.0000036
0.0000048
0.000006
0.0000072
0.0000084
0.0000096
0.0000108
0.000012
0.000024
0.000036
0.000048
0.00006
0.000072
0.000084
0.000096
0.000108
0.00012
0.00024
0.00036
0.00048
0.0006
0.00072
0.00084
0.00096
0.00108
0.0012
0.0024
0.0036
0.0048
0.006
0.0072
0.0084
0.0096
0.0108
0.012
0.024
0.036
0.048
0.06
0.072
0.084
0.096
0.108
0.12
0.24
0.36
0.48
0.6
0.72
0.84
0.96
1.08
1.2
2.4
3.6
4.8
6
7.2
8.4
9.6
10.8
12
24
36
48
60
72
84
96
108
120
240
360
480
600
720
840
960
1080
